Case #1: 6121
5565
5164
4555
6364
8529
9904
7496
7649
276
4
7232
7330
1345
4296
5669
1697
9582
3066
5231
9873
980
8103
8612
892
2531
3960
708
7831
5354
737
1974
669
4329
15
2374
4317
9167
9905
5722
9631
1363
4180
84
6344
3339
8620
3318
5372
9386
6402
8643
2485
7685
2100
3808
5949
5871
2185
3562
5750
8039
5698
1731
1391
2491
8260
7246
140
9869
6258
6276
7212
258
4157
7176
935
9318
4478
4729
810
5158
6538
4971
4535
9177
9733
1158
11
6847
6624
6740
3406
851
1732
8191
3031
2793
9976
8314
6954
926
906
3478
6233
9067
143
4058
7569
6831
5926
6817
2083
7871
9528
5856
3722
7928
5840
1939
5702
6052
9833
8035
3910
789
5748
3511
4983
3018
3975
8930
4494
8718
1017
3154
8599
3285
621
1029
3330
7170
5385
4369
587
7225
8904
1108
380
9360
936
1465
1462
1166
8745
3139
3303
8834
8494
376
3153
5304
600
2669
5284
7217
5153
7052
2254
9618
2259
6880
7070
2889
2892
2973
2914
7669
2683
7152
2770
3389
3100
3131
3453
6321
2799
3364
9658
6685
7278
7546
6938
2420
2928
2838
2876
7415
2992
7456
7485
6534
4596
8485
1461
4144
4582
9337
4586
4130
8346
5110
1613
8292
4978
34
1666
4944
9089
4010
1104
9370
4394
8726
5325
5280
1141
4332
4437
7724
1051
5438
5470
4225
59
1347
1359
4873
5808
7945
1932
9487
5805
9247
7
4829
7950
3825
4761
3884
14
9168
7909
9816
7996
5896
867
3977
1791
8811
7107
2924
9272
697
462
2
8776
6841
2733
740
2736
9148
6992
634
9130
9066
9316
6970
9098
9094
7436
522
8224
7337
1795
2404
9470
1868
9570
2377
7968
1638
2324
2323
7948
433
7529
7564
1958
7654
1995
9524
8516
2656
7123
7129
8662
8660
8644
8626
8623
7140
1382
2657
1468
2557
1559
9422
7235
1598
2532
8291
9427
1633
3483
9785
5524
6067
5516
5507
3563
4200
3499
4286
4327
6065
4409
3400
3384
3361
4466
6426
9956
6500
3218
3906
192
3834
181
5886
3871
5910
3873
3887
5791
2946
3908
5694
5963
9860
5633
5993
5547
3626
6057
6559
4710
4711
3050
4733
3019
4708
4920
4935
32
4885
4644
4750
4774
6635
4828
4816
9694
292
9698
5552
5623
4742
8285
4057
5615
5807
5603
5574
1639
5816
1556
4143
9311
7916
929
4149
686
5687
9226
672
3940
5736
157
8137
8157
8162
9231
5691
9240
8206
4027
8233
8235
666
9984
1644
5635
8270
4803
4464
8805
4426
4638
73
904
8809
4428
8813
1132
5031
8853
4430
5292
8917
4472
4488
622
1024
9061
8950
4625
5169
937
4583
5086
4318
26
1406
8527
118
837
840
8542
4197
5479
1324
5439
4313
9317
1268
4339
38
8697
8706
4358
8723
4368
4380
8736
5297
2283
6456
229
3234
9567
6526
2349
6571
3119
3627
2299
3290
3628
6994
356
354
3675
3679
6659
2222
7611
2182
400
6331
9759
3401
7228
388
9609
6296
3410
3360
3448
7003
6216
7261
7265
3486
3494
3497
7334
7365
7378
9667
7715
5918
202
5950
2857
2099
6745
7759
3008
2815
459
9505
9520
7863
9803
6957
3807
3755
6810
9679
9523
6867
6782
746
6893
6343
8913
2643
1047
4825
6397
2644
4822
7877
8871
8870
8869
5244
5270
2979
7174
6480
4429
8846
6768
7148
2804
9062
9145
2932
820
6644
6987
2805
4928
2837
9106
6983
6676
9112
3097
9126
3091
835
7101
754
4771
6460
1018
3241
8969
4758
9015
4475
2856
5104
7096
6911
4605
7060
2714
4036
1784
1780
1760
2146
7672
1723
5660
1692
5944
3727
7701
8258
3716
7594
8275
7582
2252
5620
6026
5605
7765
3809
5865
7866
7923
3840
5819
7938
1934
7840
6030
1901
3778
8038
5767
1856
1842
5744
8110
7703
7296
1346
1326
4253
4268
4269
7331
8629
4295
8648
6169
3496
8664
7266
6274
8741
1193
4398
2534
5289
6105
4091
1591
2303
4148
7474
8477
5522
4166
1433
8783
1410
3566
4172
6116
6127
4187
1360
7383
1354
9821
469
581
219
9750
173
9285
544
91
9666
9734
9577
9566
9395
9399
9942
105
168
9801
9646
21
589
605
9968
6008
8419
2487
7655
2984
1205
1248
6537
8425
1204
7004
3507
3546
1384
585
7323
9677
2653
9161
3270
1037
1030
8690
7758
4139
2471
9016
3199
4146
6450
567
7514
847
6521
1442
3821
6403
5012
8492
9001
4304
7809
2213
5002
1811
4654
3669
3296
9000
6941
5875
2593
5794
9133
5127
8613
998
188
8653
5091
3308
7193
237
5499
8968
9598
3482
839
2512
7253
1448
3024
7375
4471
5279
8286
2692
4035
2721
3264
4784
5642
6165
631
2728
7093
2731
9227
78
4857
7834
4482
1728
1371
1099
7214
9045
9362
9571
5260
3992
9043
9358
2715
7210
2980
7846
4441
8247
2698
7396
3379
9432
1715
6611
1581
426
3355
3642
5050
7747
4084
9521
5978
8737
8744
9663
4757
1334
9989
5179
4754
8343
6855
1604
6050
1176
1963
1065
2270
3639
9922
9449
7219
5600
7105
5299
1590
7755
9217
3064
8999
5897
9396
2016
4277
1329
5842
7610
3055
2795
5396
7606
938
6589
5946
8933
8719
9481
6662
8740
1049
9346
6134
4387
8766
6588
5154
8894
4419
4474
5917
5236
2700
7936
6614
6620
8840
4454
8852
2611
9740
5103
6508
1293
9645
7164
1881
3071
2775
9812
6533
990
4574
5125
3490
8962
7137
3734
1236
6176
7989
897
2637
1908
1222
652
4775
141
3372
9223
6239
3625
3374
724
7267
3376
1797
3889
8423
6910
4964
6283
650
6016
3961
4787
6924
8497
416
8097
860
7300
3441
9453
1554
6347
8161
5581
9751
2987
7464
7454
6881
5536
8481
4907
9703
9205
9887
539
8413
806
5777
8417
6048
1597
809
1667
430
2318
3970
9569
1659
6947
4621
3978
1387
8535
5811
9099
471
3569
6965
107
5689
1680
7411
7418
919
2561
562
529
3289
3286
5802
6706
7681
9325
9076
868
7645
5716
8200
6013
5486
9540
2047
4077
3420
6302
1182
8283
5739
7967
6609
9921
3931
8847
8219
1847
7423
2268
6156
9754
6597
9730
5611
7450
368
521
1703
1159
6337
4041
4395
4450
8214
8752
5480
8602
6483
1409
1818
1314
8504
4212
1875
6478
7519
9895
9558
3221
1449
5364
5360
3310
3280
9898
557
9519
8538
3854
1844
242
5433
5424
8579
1850
6474
4258
5833
5350
1555
1546
87
5558
7325
6244
5328
2272
4138
2646
8387
5333
3901
235
8412
9418
3501
3201
5351
8115
4331
7281
1788
9907
4176
198
7268
8445
8450
1474
3312
6085
1038
783
8983
6923
7864
5025
4665
9542
4501
6056
4576
7678
4640
4795
2179
6108
798
7790
6081
6653
9007
3531
2790
5141
7587
762
4541
9514
9699
2101
6783
4888
3650
3079
7895
7580
7873
3736
4892
4618
2834
8965
9982
6852
7901
6848
9050
7648
5994
4808
2945
7628
6070
691
4689
6838
7774
7623
2947
4696
9128
7697
7653
1101
9048
9278
6627
5983
2026
9326
5221
6986
3124
7836
6225
8482
5783
5885
1563
5859
8011
3272
5076
3577
6692
9885
7777
8071
4168
2023
7878
9193
6226
9525
1504
6888
9890
9773
8659
3210
5387
9978
7875
7288
6092
9641
6504
8063
2551
8625
1845
5997
9649
5382
5821
7762
4945
6035
2326
2575
3334
8428
2514
8589
2444
8147
6103
5119
4615
3899
2774
5085
7827
9715
4306
8025
2880
7520
9503
2080
2269
680
4421
2723
5283
6062
8785
5709
9081
481
6290
6651
8775
1087
3108
7951
1646
9434
3158
2826
5209
1067
2419
9430
4985
4979
4434
3759
2383
6147
8861
2138
9766
4216
2388
3979
6010
6613
5245
1574
3402
3995
9763
9440
8090
6292
6425
7075
7403
3770
6145
2162
5606
537
4353
2108
2639
8169
1025
1740
9209
4530
2107
7722
893
1586
4623
4870
7990
7248
1898
8677
5583
5138
8673
5728
9405
5940
5942
9731
5723
7904
3882
3955
8490
4854
9517
4505
342
6719
8171
2521
3185
6435
4359
4227
1694
6393
1459
1421
6914
9324
6922
5495
1813
2058
1722
6781
5585
8319
3643
9293
5734
3367
7673
6090
2432
2962
5638
6844
2120
5643
8348
1626
8287
6285
1632
4838
9250
9
7399
3386
2133
2399
8229
5
3988
6625
791
5792
1472
2499
7770
1483
6900
4174
6383
8429
4927
506
9980
6241
7473
6882
7786
1529
6243
8139
8143
5556
3444
5760
8359
3348
8352
1553
4734
265
2976
9465
977
3533
8981
212
941
8931
3157
6969
7550
7503
9800
3103
1216
3087
7500
7209
633
1976
44
5430
563
1978
2745
6489
1309
5907
8921
2235
2664
2586
4578
4294
6680
9035
3783
8908
302
1916
1318
9964
46
4496
973
2794
895
8503
277
7234
3574
3868
900
6192
1831
8946
5922
8650
8519
9075
555
3797
2314
1131
70
9501
1979
9659
2807
7930
6009
5436
993
6702
9059
8694
5725
2909
6131
2233
55
1242
8949
3544
4334
7992
5331
4350
3084
530
8943
5332
1735
584
1904
3644
3735
2765
6555
9995
4366
4536
7442
9959
7920
3149
5914
5703
1955
3397
4470
9941
601
5274
8230
8814
8228
2262
8819
3517
9364
1
1096
156
1097
3757
1940
1120
4456
4551
2961
618
6660
4382
1192
9236
5182
9284
5719
8763
479
5326
2921
6656
9683
8769
7387
6818
5681
9255
3528
9952
7552
9466
9822
3898
4933
1479
7206
407
1787
2864
434
7850
4705
7614
663
9475
951
5520
4283
6765
802
7859
7661
9580
3559
5442
6214
7238
5009
1812
4222
2188
8493
648
6438
3861
9407
807
4249
8472
7804
1454
3476
1457
1367
5063
8059
3016
4315
4300
8665
3219
5561
2285
5577
7521
2091
4117
1287
8655
7154
1561
9299
3806
3920
9906
1276
7307
5535
1521
2991
3593
9779
6040
1877
8341
5546
7318
8960
9309
5928
3939
1884
3922
3648
3520
3758
3652
8515
2351
9479
1830
2353
3580
9824
1950
7505
8130
8128
3535
7966
7861
1781
5969
6178
9790
2367
2341
6041
199
1700
8205
2079
3585
3637
5836
3619
3568
3608
2224
2249
7696
1843
2766
975
2525
6422
5475
2779
6674
360
1005
7233
2538
5101
9343
5149
3271
5445
2759
1048
1379
4495
8903
6699
9085
8399
6373
6374
5014
3044
4169
4632
5039
391
908
5056
4607
9049
9039
6400
9014
2791
113
4371
4298
9929
4407
6509
1288
5366
7156
3213
4386
7094
6550
1226
383
5337
5358
7147
1230
8679
8693
4274
2559
3117
5427
2725
1343
2719
9352
9944
1106
9765
7069
5393
5266
1133
7186
1310
6612
8611
6604
5595
6904
7389
8349
9244
2417
9140
4929
8331
28
1579
4902
9215
8321
7382
9425
2478
9173
7346
7352
7377
750
6779
9180
4890
5610
145
9186
20
9197
4059
1662
309
9709
1671
5550
5560
4806
4835
8357
6722
1531
6927
4106
6906
2405
4653
7065
6708
7933
2140
6858
6856
294
1233
4461
1102
4764
6832
158
9270
80
4798
4400
5307
9787
2957
4776
2903
9260
7980
6598
9292
8802
9213
7709
7074
324
2969
5059
338
9314
9712
942
3708
9037
2070
4942
4599
9052
7627
7867
912
2068
2196
6960
7828
6731
887
7811
4995
9084
7670
3646
6860
7573
5217
7911
2739
5186
5932
4896
3098
5180
65
3538
9302
1016
7894
626
7884
4538
9154
6901
9313
2574
5464
5419
2436
6406
2334
1340
7360
4267
8585
2462
1859
6378
3377
1325
5636
7381
4030
5596
2352
5582
1767
6250
3432
6453
183
6341
2579
5735
137
9745
7313
1773
1356
9562
4064
7422
4105
2345
8647
1803
7483
8246
1271
5779
8207
9615
9852
6444
2282
1762
1684
8453
6398
7275
152
8430
5578
7188
556
2294
6177
2496
8489
5474
3343
422
6490
7249
7518
3388
546
4951
4946
5567
9108
8373
4155
8415
3321
7640
3682
8448
9334
505
9336
1471
637
1688
9257
2901
8194
6849
5673
2117
2118
9232
4852
524
4865
3617
7689
6312
8240
2943
8236
9281
9518
2636
3944
9792
3353
4102
5746
1569
2996
9160
6766
3424
2850
8170
9680
1599
1606
8177
6334
3596
5727
9400
9548
5397
366
1947
4266
6139
1344
2244
1355
8582
8824
8539
1839
1046
3092
5945
6667
3081
6445
2312
1985
3782
7134
4342
382
2278
8666
8663
6556
6562
4392
3170
1039
6529
5377
1297
1922
6167
4414
8024
7942
1143
1867
9829
3062
4581
5491
8495
5106
230
3881
7602
5967
3729
954
996
9656
5129
5082
8104
5065
3867
1822
8459
5952
8956
348
179
1010
5795
2956
7081
6795
2907
2817
2501
7481
3246
6842
7092
243
9652
7634
7153
275
6133
2542
6669
7497
3004
6665
7260
2178
2750
3474
2180
3263
9538
2418
6998
684
2893
2302
3126
267
7293
2251
7510
6150
2582
3581
3067
4699
5155
8587
1808
4968
8686
5455
1227
3968
9125
1806
2035
8531
6006
3866
8517
2053
1683
5839
9342
1250
965
8661
8142
45
9909
917
1759
913
4915
1023
8616
623
880
8609
4523
7857
7855
4848
2096
9876
717
3633
5548
4014
3810
9366
3621
5314
135
8294
4801
9814
1164
8797
9999
3
1611
7955
9184
9482
7767
8442
8758
759
3823
4864
5825
8070
2330
8048
7138
8107
8112
8710
2937
3481
9930
2634
5800
1217
7486
8079
4351
8030
502
1879
5874
5298
3880
4399
8028
2492
9401
8511
5478
7251
8469
5498
5690
1675
8451
2495
5510
8218
1499
9880
6363
8377
7314
4029
6351
6339
1607
144
9865
1315
287
2337
582
4323
1269
577
8155
9389
1290
102
7184
8123
2573
7204
1337
7216
8547
9899
1389
3411
1704
4226
8525
5090
2986
7599
9169
9967
6775
473
771
2890
9030
9700
884
7880
3588
9010
959
9002
7900
9991
5136
7925
7820
9783
3681
816
6892
836
4960
845
9111
227
9780
2990
3032
858
6717
866
4724
4727
2821
3038
3134
6166
9493
2149
9252
5167
2920
1074
6063
4487
5237
5251
4449
9788
5919
2944
2703
7077
9230
3792
7698
741
8916
8001
4507
4221
3368
2689
9897
6069
5599
9594
7357
813
4115
9987
6365
8390
408
742
5513
3320
4861
6789
9682
4175
6797
4196
1480
714
3341
4178
712
4898
8362
540
9691
8475
9637
1015
620
1033
2748
1050
3096
2640
7132
3196
3195
7131
8895
5327
7005
7036
4370
9719
6564
3171
2718
3168
6628
7068
79
594
1160
6956
9602
4694
8567
1352
9393
1321
8605
4290
4291
1304
2596
3229
660
5045
8642
6967
2800
950
9012
3206
3205
4569
4559
4557
627
9802
9841
9438
3433
7489
1658
1654
3753
7780
1968
1652
1943
3659
8086
5679
3595
2164
5684
2189
8073
3686
7626
3838
6299
2365
513
9541
3709
1902
6125
184
2221
8199
5645
7721
5773
3902
6088
2160
2126
3607
2130
7736
5649
8309
6162
2416
2106
9458
5915
7746
8883
7885
6132
8836
5357
9361
8584
6475
9648
2622
9028
3052
9462
392
2727
5049
1078
9056
8189
8548
4250
7141
5088
3551
3728
4590
8129
234
3860
306
7039
1962
9494
8689
3470
97
9806
2758
1756
3752
3751
7913
3530
1921
3236
3938
2825
3192
4293
2588
298
2357
1967
7151
6675
9485
5904
5391
3421
431
3745
964
7887
6877
13
6031
7761
5683
6019
2066
772
6864
4738
8386
6580
4906
4719
7402
238
5685
8238
4177
1148
701
6830
8310
2677
7706
7528
3612
1592
6340
291
7435
6825
3351
6087
9414
4123
1157
8759
7106
3143
7845
4433
6414
5465
4213
7122
3561
159
7978
8507
1414
5899
4224
1408
2384
1121
9322
3557
1467
1899
6764
3576
6757
6895
1470
2509
822
5996
2853
7410
4432
5992
6919
3176
596
8830
1161
4476
3492
8787
8818
3795
5249
4728
6115
36
9103
4671
6723
9670
3696
3010
4917
2045
4912
211
776
4863
12
733
4779
9220
2913
4809
4810
7705
9784
8957
5218
7944
9553
3101
301
2256
3763
5927
8935
4537
1960
1079
5113
4568
8995
5095
6691
7881
7588
9798
5021
7601
5965
8167
5461
2550
5895
561
1353
5732
6281
7202
1333
7198
8208
6484
1313
8615
511
6257
8637
5766
5775
1257
93
117
2433
1616
2424
4104
4111
2415
1527
4158
1494
1492
1378
5506
2508
4184
1452
1429
3989
1416
273
5696
9769
2654
3826
6196
1220
7113
3188
8742
5844
2660
3888
2659
3690
6746
3790
7408
6750
8458
8213
337
9142
9704
8041
2507
2036
5502
7263
7135
3148
7404
8484
9403
3985
864
6712
3984
3980
5277
3700
4195
228
4190
2842
3020
3403
9077
3994
8523
9797
6345
6854
3651
5674
4772
3338
728
4122
676
535
721
8774
2089
411
7332
415
7522
2445
1619
8304
2681
5630
8780
3326
794
3670
7805
1656
6878
3583
7802
2064
7512
1655
3391
5523
7289
6020
8392
6096
3328
9855
1518
2472
8382
988
6666
385
2761
1296
3935
6505
9376
6499
5939
2248
3427
6487
2642
8974
5114
3537
3191
3190
9383
9908
3118
244
507
6631
8890
9949
7565
8891
3937
1063
5181
5763
8695
3761
4515
7022
8636
3733
4631
5041
3789
4446
3950
8564
7443
5434
5951
1853
8716
3260
7211
6622
9771
1335
7199
2309
29
5078
6652
4695
9781
4483
4016
64
4597
5551
6183
2966
4322
6325
4401
3211
3060
6208
6812
6080
5720
4098
5890
68
5598
3203
5711
136
5738
2753
6117
5521
4959
4549
9891
247
3672
5246
6605
4950
6738
6017
4963
6668
272
5931
4891
5542
3817
6518
6200
4311
5163
3943
5481
4974
4975
4314
9900
6251
3443
3398
4427
1105
2316
2292
7578
2240
7592
7607
9347
2088
8876
2027
985
2024
2008
9496
678
8808
1883
593
1876
1209
1214
405
774
775
2724
2693
7117
857
7015
2763
9589
9074
554
7284
899
923
7371
6990
2392
2385
7421
2361
1737
8303
1608
8350
1539
9431
6850
558
1507
1460
9442
6859
1231
8524
1748
8505
1734
4584
4601
8566
7361
6327
8383
779
5538
9033
6305
5398
2456
8598
962
968
8996
7477
4561
6203
8311
2190
5120
4060
8961
2544
4199
3189
9616
4936
9121
9406
2587
1440
9606
369
6470
2558
7116
3155
1400
879
7240
5519
4161
3137
2486
9164
7308
4622
9882
3956
5258
1682
476
3741
4442
1686
1954
483
9365
1928
7995
1152
9367
1234
3720
1869
8767
5846
5834
5832
4385
1198
3877
3878
9914
1793
8119
9837
6060
6144
5627
7581
7586
3540
619
4042
1629
8925
4512
2187
5655
7711
2132
7558
3624
1081
1085
6038
5682
7806
3683
1095
4006
5686
8856
2019
3713
2746
343
704
4796
4769
2922
7007
2977
6873
2757
2787
4824
3224
9831
5806
5659
240
1637
8244
7167
5804
7169
5676
8873
3714
6253
8220
9464
4766
8597
7128
9619
6054
2852
1584
4078
590
7459
3865
6045
6742
2614
3654
3718
8179
2524
5769
8712
2888
5347
5986
7824
2553
6917
8133
1729
8146
7829
6229
8980
6434
3924
2536
1693
6392
6670
7177
6174
3015
8651
4324
174
7465
5700
1698
2755
3665
3249
2584
1200
1779
792
4185
814
9009
7336
7973
3518
7976
457
3815
805
9752
1907
1362
8822
738
1173
1168
804
2173
451
793
1372
6135
2866
1375
1381
2927
9688
5447
2710
2127
4095
7125
3631
1423
6307
3833
288
4879
4205
2396
208
1567
478
6899
7953
134
8345
5471
7027
1130
9579
3767
2380
2328
3065
5923
5008
1952
4417
4869
6320
8807
2785
5286
1790
3697
6997
2870
4396
5093
602
5849
7317
5262
7869
2007
8067
2849
3430
2012
7333
718
9820
5256
2994
7277
4405
4604
6338
3814
6686
5317
3707
7359
1885
1603
9789
5134
8315
2824
7738
5609
5450
3089
2650
2281
8424
5452
8439
4051
3099
5375
5121
4150
1357
5555
7572
8365
9786
3614
7024
9975
1292
7112
1566
3173
7115
8594
6554
683
696
2307
1244
1036
6985
4655
1426
1427
7191
2319
4229
2560
2042
164
4836
7598
7832
7160
3571
5368
2908
9216
3233
5476
9738
2205
2215
6190
9947
5497
9234
6091
9345
6945
3584
7431
956
6119
6128
2865
7428
7414
1129
9340
735
7638
2305
6918
5972
7466
7468
5975
6246
8872
5109
7760
3703
7812
3475
5984
3677
8859
9504
2113
3521
307
7566
2833
7731
7732
3508
7888
5187
1080
3027
3647
5096
2355
2098
2097
6437
6488
8210
8681
2401
862
7221
1742
2674
3934
5747
875
3243
7083
7236
8369
883
1804
5023
9749
1370
9587
9883
8340
2647
5597
2917
9623
8607
1602
4814
3207
6804
5624
5022
4053
849
5376
4830
8344
8269
1649
4108
2898
5416
2459
1832
3000
3857
4389
3791
2427
5493
9893
9823
9373
6995
5855
3827
1174
9478
4762
3363
5884
6648
3329
2477
1915
314
4384
5308
9072
3322
2402
5032
3776
7282
8501
9685
4087
5580
9892
8499
1068
3556
3630
1549
8586
5531
9684
1532
2046
4499
4134
1502
7680
7682
3035
1538
7700
1386
5559
545
4116
1514
1336
732
8055
1794
3706
9359
1805
8094
8088
3014
2017
9374
4794
9378
5870
9815
5285
7998
8821
336
7919
5911
1929
1936
5705
538
3640
8881
9424
6726
5641
150
9508
4003
576
5593
8683
1720
5726
5340
3687
5336
4354
3923
8708
3918
636
9628
4658
6681
6433
643
5118
969
8944
9327
3436
3072
6494
4994
8945
6988
6356
7146
417
9123
2789
7078
441
293
5112
3141
7484
2702
5072
7351
6180
9141
5053
6303
6308
4548
9970
9573
2364
2503
6464
7044
5133
3039
4611
2306
2577
5037
7213
9053
9965
7813
6011
50
4853
4330
1167
5408
1317
2783
5592
8202
2043
4093
8020
2293
4092
6188
6968
9320
9756
7451
4969
3217
7158
207
5263
5657
9500
487
7902
5664
3059
9387
1279
9271
764
8302
9122
7476
5282
7143
6908
5058
8619
5281
104
3242
1923
2912
1621
4659
6265
75
8158
274
4238
7644
5038
2241
23
5815
2540
1495
8907
2776
1061
9380
3164
5838
7063
6074
1747
4152
4817
2212
8105
1802
4823
4889
2737
9640
3298
8102
231
4905
4376
7609
4198
8138
9838
9176
4510
3915
4509
5420
4845
5338
7091
1530
9473
4880
3268
1229
6596
2690
7224
412
1064
4263
8588
8164
60
4815
2687
9297
2128
9817
2129
6603
8768
3897
3297
9063
2526
2762
279
5784
2520
9339
523
8817
7407
9764
9058
4043
8702
9714
5356
7226
1750
3253
3843
394
8676
516
6485
7987
5898
3001
2578
4397
8667
2895
6361
4753
1689
5353
4837
5847
9384
6839
2105
2102
7646
9174
1332
3047
372
8592
6640
9200
2067
373
6732
7817
9794
5589
8941
8975
611
2123
2245
5184
3599
4723
1493
4171
8432
7691
7699
9124
725
9633
7556
6172
3503
8885
2275
8367
9398
2217
147
9277
745
3193
8843
2822
681
9429
6828
961
9706
53
4307
3558
734
6650
5938
7589
9107
1956
6122
1312
8863
2930
6217
5991
5613
4230
1605
3447
8305
2347
5466
9597
7591
5768
5019
6441
167
4648
874
9198
6413
5753
1392
3904
6776
2716
8454
9601
5757
9859
4086
8313
1252
4072
7181
1610
571
572
2740
4338
5646
4988
99
9101
1275
527
7171
1650
6507
2978
6617
3936
6615
2948
7072
1520
7079
4256
7223
8533
8358
9312
6590
4273
7023
3093
8330
3184
7727
9753
8010
6335
2286
2437
3366
3812
4480
7740
2084
901
8052
8765
7570
7684
57
8056
8755
9522
5980
7439
8985
4789
5929
482
9963
1946
246
6762
2223
7401
6313
6909
7478
6317
2321
1891
8971
6371
7583
56
6673
3553
2483
1825
6106
6093
268
2231
2229
8743
7294
4634
9199
3874
8746
6999
5616
5976
1798
1614
842
8306
7149
4223
6230
3110
9178
838
9354
5640
2854
6536
5264
6846
48
4447
4034
8833
4675
9732
9117
9544
328
8982
5473
8521
5973
8502
4676
693
9185
1516
437
8583
8898
2264
6704
6840
8455
439
5190
5505
2832
9729
4151
122
6933
8405
800
4527
1055
4514
8498
3198
2843
5389
355
6709
3673
7815
2061
7838
320
4731
9629
1393
9513
5462
3645
4887
25
1702
8187
5342
5343
4875
162
6763
1889
3793
863
5075
6315
3781
9032
3987
1930
1678
1187
5799
5803
9254
176
2883
6387
9911
3853
4439
679
1751
3844
9064
3344
6348
638
6298
955
96
8634
1645
856
4790
5369
4309
2363
5102
4718
261
7324
315
8402
4156
4745
4914
1013
6525
9153
3515
1623
5214
5848
4254
4972
1965
8381
3426
6891
2273
7547
3997
326
8031
5961
4629
2881
3301
2511
2882
4636
3107
8500
8929
2934
1398
5485
335
4673
2606
7683
4364
7631
169
9288
5178
2238
9079
2183
6100
6094
5955
5140
8379
3845
8669
3798
8251
1091
3469
2918
8603
4089
6201
3051
3464
7394
9617
493
4749
1588
7097
5628
2638
9104
8798
5688
3702
2336
4954
1147
7471
5255
3392
9274
37
1679
997
9674
2997
5352
3489
4846
7753
2094
3256
5124
7513
4546
4921
4416
236
1001
1707
9445
8252
6191
3172
8614
1202
1027
4641
4797
72
5329
8715
4894
8627
9948
5411
5171
4712
9392
4858
8696
641
654
1119
4938
8953
4533
9129
8909
5094
4243
8955
4943
4378
5454
1219
9341
1123
9928
4360
1388
943
2935
5330
5233
1004
6645
484
7932
3283
7893
404
146
215
7788
7756
6787
6785
3641
8225
6728
3109
220
3336
2151
6355
2163
4094
8332
7326
8351
1724
6544
2619
3914
8141
8145
2648
1820
6552
5749
3932
9607
1741
7742
1719
9811
3801
5894
1890
7180
9843
6592
7962
3991
204
2274
8487
6688
3524
8376
2250
7568
2878
8465
440
7530
9755
436
120
3493
435
1485
4125
6942
264
9896
2354
4207
7017
2873
4991
1837
692
6759
994
3208
4799
6259
3477
7420
859
3839
6778
4993
8053
9735
7412
5880
2594
6212
8023
8772
191
3831
5318
8042
8988
6883
8049
6242
7440
2443
4534
3429
7741
4800
4528
6055
4526
5207
3622
233
2409
7674
6342
3552
7671
914
7328
8912
2194
902
7245
5913
9931
486
599
7639
1982
7870
5020
881
6471
8854
2517
1003
5995
2039
5999
4465
1093
2048
9630
4054
101
5384
6827
9310
1635
1286
5665
4783
9866
688
1690
2812
5472
370
6585
8526
6566
133
9192
8577
5549
9875
5423
8364
8363
4114
4165
1390
1558
9183
3073
9394
1582
8317
7035
9636
6801
6944
8166
6705
1725
8160
5724
456
5572
6083
2607
832
5312
4498
2741
9717
3592
995
8911
7157
4759
4356
8320
7286
432
3864
5601
4288
8901
6386
6051
35
1077
6514
9962
7462
8069
7354
3962
709
9879
7013
8948
52
4142
4688
2635
715
414
4878
921
9872
9546
702
3912
4812
9973
1508
6120
330
8089
3352
7329
6113
6110
5562
2617
651
1481
827
8825
6047
1970
1969
1441
2915
7908
1944
165
2682
4319
1685
9027
1687
9804
2325
5697
6291
9151
1705
4850
4333
6497
8032
819
4402
8014
163
515
1169
7108
7237
4778
9070
5482
890
7053
6270
4899
8747
5650
6391
8972
3705
2926
7849
401
6761
248
4444
6207
9972
7898
9710
9409
5670
8255
8054
747
761
2836
9194
9204
753
7406
4777
3407
6591
9159
6430
9083
3138
6439
2549
2571
339
2523
6498
9739
3183
6503
2598
6760
4965
2625
3105
3082
922
2747
7335
7026
5048
300
5040
635
2470
2999
7030
6629
3316
7058
3313
6626
1977
1305
9903
2959
3779
3775
4425
4819
7941
1600
7903
3743
5632
5947
2001
5390
7858
7847
4279
7842
6790
7782
7733
7716
5790
3967
1718
1738
1746
8151
1713
3971
9846
1771
8249
4007
8328
175
3875
1282
1819
4381
1828
9857
5303
1634
5294
8295
9344
2940
3534
1487
8396
8456
6151
4519
1041
1044
8395
7630
7470
5494
6104
8575
1060
7536
5477
8591
9412
2348
1402
2874
2167
3437
6256
6254
3591
8368
5488
4191
8635
2709
6687
6595
8640
2816
2694
7086
5484
4239
8668
9443
811
1243
9131
6710
1596
8354
9189
7020
9188
5406
8360
8329
3088
4739
9563
777
2938
4287
797
4147
4756
2729
5518
1419
2782
4725
5371
2712
3057
295
4019
4624
332
7620
2454
903
5042
6346
4502
463
5197
8940
5202
7276
6023
2054
7839
6395
271
7854
3495
3431
4573
6275
9019
2339
2317
939
3491
5721
4545
6163
3529
6333
5145
2434
2230
263
4367
4970
2610
6535
9119
1792
8122
8721
9912
6793
653
172
3911
1761
4691
3921
689
3174
8074
5956
8828
9592
2963
2548
1895
7179
1154
5888
8016
9927
8057
8061
8062
1829
8080
6886
6715
9225
6819
10000
9461
6123
6114
7656
9516
8878
7833
5261
5271
5272
8795
8006
7571
9455
8704
8680
9848
5663
9390
5614
9902
8388
8444
9614
6684
6683
7006
7034
7061
9155
4919
7100
6549
7145
6989
6412
5034
7305
6318
7400
6289
8987
9554
7493
6186
1677
1235
4755
1445
888
58
2159
4083
2808
2658
891
3842
4126
282
647
189
2110
1399
1137
2788
723
4259
4408
3381
2074
1420
4265
1572
3282
2989
1983
4262
3732
3162
1912
33
3404
4284
4525
139
870
1251
3011
352
1084
4697
2124
662
2798
2668
1488
719
1941
4782
6204
9026
2155
6862
8760
1396
4592
7469
1127
9375
3147
8528
7479
9966
1395
3299
4193
4613
2049
7629
909
9350
4201
8435
9868
2195
5227
1197
4002
5018
2059
4637
6082
6621
4452
1002
2964
4217
940
1783
6263
6716
2933
5957
9024
6632
1185
7001
2021
2422
1894
9136
8337
3662
8003
2484
5824
1247
490
8009
6972
6557
815
8012
2686
9974
2676
2704
9543
2806
8026
3632
7754
4767
7924
2135
748
7363
9265
3294
7960
8264
5579
781
9379
4065
9097
4579
3886
4909
658
4257
8778
5392
7322
1342
5311
4630
1736
4132
3069
1189
148
7089
3409
4023
2630
304
9743
9940
7798
2641
6358
5667
9600
8986
9332
1451
1128
5533
7109
6721
3615
3616
5530
7677
5544
4070
2169
2085
8837
4073
8400
3350
9483
2144
981
2967
7643
89
3054
1501
4518
8793
1117
5568
7463
2387
4895
9791
2490
9565
3883
2375
8572
6879
9681
4246
7460
9671
2346
1026
4932
8066
5451
5756
6865
9372
4240
1208
5752
7922
3254
8914
9413
1905
3828
9416
1295
9402
3832
8896
831
9711
4347
6184
9256
9536
6894
4877
1322
7391
1042
2403
5909
5242
2603
4462
3723
6829
9856
7014
4650
5243
2237
3965
5015
381
62
4981
2057
3933
2887
2580
7163
6224
2919
8100
8120
7190
9071
1058
5341
2861
2726
7029
2744
2951
7743
8017
193
6044
7726
6146
429
3604
695
4109
9303
9269
9854
1817
8196
673
1103
4424
3457
2965
4390
5305
458
706
9550
5435
982
8849
2078
7045
9498
4209
9832
8815
6284
6979
8993
2950
8838
2756
418
6796
3220
8509
8431
8720
5051
5052
7635
592
8713
7641
5764
10
5066
3293
6421
296
4721
6583
1523
3819
5912
4668
4661
2591
8463
4987
2592
5708
2290
6639
1464
5067
5010
9191
7162
5675
2461
4832
9132
1431
7133
7364
9008
4897
3785
1624
2143
9143
3390
2407
8338
281
7692
3215
4542
3267
9319
8282
1562
7413
8272
3200
9187
4763
6630
5901
3730
3187
2860
8486
9138
5361
2034
4344
834
3724
8113
7183
3542
4866
4321
2939
1450
6205
7876
8051
3287
9673
7882
180
4260
333
8555
8551
5936
9564
7457
5346
6601
2029
3258
2488
6409
6577
5751
1412
705
9433
7291
7488
4760
2899
7935
4678
3238
4071
1552
3378
6024
2673
1548
1163
7979
8215
1178
6322
255
4061
8204
8201
2970
7775
5625
7660
9507
2993
6756
6751
657
1144
110
9208
8791
6049
9808
1622
9655
5873
3818
2141
9267
2142
4082
5174
6725
1670
9057
9239
4473
7796
4281
624
67
8649
3325
5974
4039
3601
2257
2260
7561
5714
894
1925
1927
7826
6808
8750
1721
6262
129
4608
5647
8418
983
8173
1497
1743
4617
4167
2201
828
5850
9556
7315
6939
2451
7310
2458
9654
2158
7540
7585
2616
4018
5658
5509
7795
934
7825
2156
9229
4128
7751
6053
7073
7723
7301
3957
4214
2038
226
9572
9078
419
7492
420
5754
3570
7203
7255
850
5830
1463
3106
5055
6874
1498
8355
3337
2879
8709
586
5206
6773
69
6884
5319
1385
8044
2868
3120
9348
5073
1772
5378
8135
8131
579
8570
8152
1515
9861
2985
5000
632
3445
9382
4585
5288
4736
3428
9444
1069
488
1615
4843
1653
9819
8452
6388
6401
3332
5367
7986
1149
1446
6372
1437
4532
7972
1138
1411
8464
2513
5229
6384
9102
7040
2954
4521
6077
8796
2522
114
2062
7526
5156
608
7764
334
8496
8483
9692
121
1665
6407
3152
4553
3315
1564
726
5943
4674
8518
5713
5712
8829
3026
6737
3156
1716
7535
7104
5213
1140
4067
6724
739
9082
1595
4652
1997
1865
6463
9795
5845
8043
7621
8047
1302
8433
4363
2475
3181
9939
4248
2006
9144
4751
5448
7931
5982
9268
8905
5985
8
3506
5862
2621
203
4050
3335
7915
9943
700
1072
930
9537
7302
7560
2929
4436
3766
4049
4228
3455
1778
2033
7557
3347
2184
9353
5813
2796
1009
2411
341
3983
5699
2261
3056
518
8398
5818
1191
8789
3046
1482
6657
9202
7178
2214
4642
7159
7126
766
2197
6324
7686
8414
1466
9932
5089
9605
5080
9910
3719
2246
6376
3668
2678
2207
7554
6232
1092
1338
2906
1815
8864
6102
1339
9675
8124
1323
5257
4457
2749
854
1112
8153
464
5789
5418
9653
2453
4811
9404
9998
4340
4855
3543
1964
7713
6543
8684
177
6545
9120
5444
9291
1835
8973
4121
6288
112
8243
8250
6046
4112
2705
9624
4702
2075
1373
3605
4154
5788
5142
6805
7776
9690
4847
9467
9708
615
7367
9625
6492
322
1246
1284
8725
349
1280
6517
8738
8474
8722
8657
7467
4999
3292
2368
7244
786
367
4713
1349
9439
2489
1377
8460
7299
8462
6581
1212
5820
769
768
4752
911
2322
2600
4874
9210
480
2109
4235
9294
8804
6107
5146
8947
5177
4100
8800
2134
9006
4245
4079
2002
6025
6089
7794
8180
7785
2063
1755
1714
3451
8966
2792
1710
2981
1696
5188
4215
710
9889
8927
3680
4345
195
444
171
2171
6897
8008
3354
6890
8034
1062
6937
9923
9333
6360
9834
8884
7144
4299
6098
9551
7427
5511
2504
9853
4818
7437
249
4813
1900
442
6926
2506
2829
9557
5793
1917
9676
2410
569
4251
6197
3564
707
6976
6560
8601
9568
6461
2482
5680
4732
1019
8595
9437
4744
1089
4741
2395
3262
6175
9295
1796
1341
3359
736
8253
7175
5639
3345
2311
3942
3129
7559
1444
2585
7658
5962
1744
6741
1609
284
9206
4989
8468
6735
3025
6319
7549
2266
4997
6326
5654
4635
5776
3611
5998
7207
7455
8546
8707
8436
5762
7059
8181
2198
6354
6767
393
4163
9338
7127
4821
6021
503
6889
9476
386
2612
3685
629
7319
6513
694
3225
7316
6618
6809
9515
2732
9172
9301
5941
7032
3419
6820
3742
9634
2708
9150
727
2872
6287
3634
2998
3575
6294
9588
9211
509
6032
6638
489
3467
568
3380
8624
9005
1319
8877
7771
5224
4698
5586
8754
4834
3905
4173
7693
8446
4765
949
7807
2210
9977
1307
3981
4357
317
7534
7541
7748
4493
7555
5743
2315
7636
1175
9687
4998
1858
1674
4593
9087
4297
2440
4328
1814
7372
2168
2428
4038
5457
5240
8942
4242
1153
8118
9901
8125
2009
4730
5864
1028
8438
9029
4740
5116
8248
8087
5827
7819
232
1256
1500
8958
2031
3846
9933
4612
9746
9758
3053
6277
6784
4768
3042
3516
5057
743
5192
4302
4048
1059
1695
9590
6137
9263
1664
8241
4181
6079
1575
6466
6084
6727
1585
251
2037
2025
1151
4237
8617
6295
6755
7874
1989
9584
9435
6153
8622
6714
8226
2092
8994
8366
6058
2111
9757
7952
932
6323
978
6447
5402
8979
253
1210
5801
6415
6209
1270
2373
8544
2529
1249
4687
8880
5920
9532
2344
8508
2327
1289
4375
8887
3259
4958
8040
359
5868
8127
3820
519
7356
9647
830
3796
3786
6247
8437
6248
2425
8700
3855
580
7417
5290
142
1223
9530
2605
4643
2626
6661
2620
3085
1717
2589
5016
9283
9040
5666
6792
9826
4646
6377
3074
4967
612
6454
7567
8892
2633
5212
6636
915
532
4773
1878
1961
2941
3541
1657
2830
1971
6974
8091
8851
8256
1709
3194
8209
9863
8156
1882
8263
5267
5203
677
4362
474
1726
2877
1914
8875
4485
3466
3465
5175
6935
6271
1873
5300
4393
4303
2811
5230
4410
6140
3527
8245
6961
3070
9713
7603
4015
7424
3102
852
2389
5822
5835
3324
7110
8580
7687
7102
574
8410
4081
8753
7712
3929
1278
9088
1374
8630
2556
2510
8717
323
2576
5607
6619
6482
4677
319
2287
3969
6440
8701
8790
250
2730
2450
4101
2051
3598
1594
5487
6540
4562
2764
5468
5458
2773
6996
5443
6118
8276
4856
3251
1358
1351
1528
7734
8375
6713
2465
4566
7342
8770
5554
8992
30
8537
9491
7327
6811
4886
3440
6240
1114
8688
8163
3166
5254
6579
9938
9490
6739
95
1660
88
1672
8222
1320
4594
9472
6696
472
4602
6563
3186
1712
4619
3333
5026
1308
614
3178
6646
8473
1436
4681
9874
138
6610
4179
9727
290
2157
4063
7099
9421
4103
7717
3657
967
6042
3635
971
4141
2651
7800
2060
2056
2052
4202
2768
8954
2013
7856
4252
1032
7907
1966
7508
5882
5889
3787
7374
2413
4827
3872
2498
3885
5937
5774
327
7504
4867
6473
5733
9190
9051
1294
305
5671
5988
3693
2208
7616
6002
9720
2823
9810
8082
1834
4316
1053
6152
6168
7999
2844
9266
6876
8682
9280
9428
5301
8027
8922
1846
9828
4453
460
6822
6959
8117
531
1871
377
4986
6634
8072
4976
1447
7553
63
4657
3973
3996
3116
3704
927
3460
9308
5001
9951
855
8593
5872
9135
3829
3788
5268
8154
808
8111
8106
3768
8550
9156
6570
8865
9456
4924
5782
3754
8674
4939
9969
9093
1403
2904
6853
1643
3917
3731
3461
1432
6946
3638
9585
2082
3028
8989
5537
1551
661
1570
4153
2720
8784
1937
9242
5990
3600
7929
2050
5407
4234
1150
4859
6304
5409
6129
1146
6754
8262
3653
2618
3689
1478
7615
8441
9878
9539
1484
2199
2655
2161
6014
630
187
6269
948
7076
7957
6934
7720
6931
197
1184
4598
5594
4069
6350
8685
8608
6524
6493
6569
6542
656
7195
7910
1035
2754
7810
722
2104
958
952
2227
7533
2298
2310
7912
7220
9095
9171
7446
2516
7434
2376
2391
2426
7309
9134
9137
6788
8552
8549
1404
1456
8734
1188
3040
1179
8356
1565
1571
8274
1365
8165
8159
9298
1857
675
6896
2855
9282
685
1903
2820
2809
5173
9849
5958
5960
5130
311
4412
4336
9796
9958
4560
5144
5989
5854
3414
4781
5508
4008
9457
3913
5584
4377
186
5715
6268
9827
5935
9441
5644
5440
4044
5162
6352
9696
4431
4458
3346
5460
6451
4445
3964
4438
297
9983
3949
3279
3370
5193
4492
2974
9368
3140
2684
603
6249
2095
6821
4793
4614
5044
7071
9586
5165
1240
7763
1897
151
7161
4916
1100
1291
6367
6734
2176
491
3104
6682
6353
3061
9331
149
4031
8751
5925
4355
2112
2114
308
2671
7725
128
6015
6029
2665
6642
6420
6003
8832
2150
8175
4220
3500
4231
5410
1043
3216
7918
1264
8322
6467
424
690
3613
1348
3830
6185
49
7358
4208
6546
1458
222
4255
2000
8937
2381
5428
3859
3239
2393
1560
3837
214
4572
1237
1254
4565
9946
2840
4563
9110
9762
9243
3276
5150
6567
5029
6206
7344
9073
1906
4626
4908
6573
98
877
2875
9576
1203
4872
4918
4707
7194
7651
4308
1475
9017
7860
7883
8002
7196
2722
7419
2081
4033
5534
9552
780
3522
4842
6703
7994
9988
5503
278
1073
6101
3479
8558
2662
3661
6012
4996
4656
1369
6807
5394
9011
6920
4992
4292
9279
4232
7675
266
1098
1006
9937
9534
1224
5417
6977
925
2276
9894
8232
4940
8342
5908
2255
2253
310
4701
5198
3228
3794
7252
9105
2519
8347
3760
7243
2211
303
5930
2394
8711
4477
2455
9397
8308
2356
7373
2431
2438
7472
528
9080
5745
3945
2300
4923
3175
5781
1428
2371
5077
3804
3803
2279
4522
7532
357
7617
8541
5069
5810
1745
784
1540
2203
365
4463
1752
1758
6235
8140
5731
1769
3058
8404
8698
7789
3547
4420
1425
2734
8977
7379
8513
6981
82
2474
6416
6066
7525
2280
1753
1648
6359
7062
8900
628
7537
4451
1512
3748
8301
7946
345
9776
3555
239
7940
2044
8298
6528
3473
9718
3485
9031
8918
872
7499
1316
4037
8271
5030
5869
3036
6442
9575
6861
843
6523
2358
6689
5742
2554
5648
4241
5823
8184
3115
8421
1021
6005
3676
3319
218
2131
1801
6368
1496
7118
2827
7172
1862
166
2539
9871
5626
8867
1810
4066
2379
2400
5796
2623
2527
7890
3113
6663
9195
4261
667
3078
7622
4119
8928
4435
6921
1177
9214
8488
1749
3870
3649
9261
8237
731
8731
8007
8823
9023
6261
3086
5199
2667
6486
2234
625
2116
9884
3128
3999
5194
9090
8510
5817
869
3526
3909
8372
2154
9042
5571
9201
4099
6001
4715
4076
7690
286
7150
1218
7166
384
7668
2543
7624
9622
2581
7647
4922
7632
7787
4218
6109
825
6097
1232
3590
9246
7019
5514
9578
2781
7783
2463
979
3610
4133
4679
2696
9065
7744
9971
7943
6794
5152
4627
5170
4511
1676
4491
6301
7927
1942
9881
9847
3311
649
5205
3161
7977
6220
613
1116
6857
8174
6310
4479
5225
1283
6690
8121
5068
3369
6823
5081
3439
1986
1587
1580
1636
6928
8307
9426
6806
533
6170
1328
6520
6448
3232
8897
2936
6802
4325
8771
1799
5345
9021
3034
8132
9323
262
5964
1110
970
399
8560
5569
6777
4090
8060
665
2136
1094
6385
5971
5612
9728
8997
5287
3435
8096
7739
7173
6547
2466
5151
7517
8265
1430
3816
5866
3179
878
7487
90
2467
3266
8385
346
3222
1576
3852
2398
2397
5092
4589
2218
640
6694
2555
3749
9870
2535
9459
4013
2819
3756
8185
3371
7596
7256
9047
3123
2239
1708
9060
116
7298
1267
9235
4335
8920
9248
5028
4271
7949
1920
4312
6955
1056
1239
3549
6215
2087
1910
8610
7047
5373
4159
2069
1909
2902
7042
2835
5456
7896
729
992
259
6837
4900
5005
4639
24
3618
9182
8299
1455
7575
1422
9330
494
2841
1522
4517
9561
4543
8845
778
4984
2590
2170
1435
1394
4966
7279
409
8109
2028
896
2172
8221
2735
5189
4210
1245
6189
3167
4930
4529
111
6210
4004
1439
5007
3121
3331
3951
2216
4280
7257
6586
5027
4680
5405
6211
42
3946
22
9273
8149
6698
5386
3049
885
9775
1126
5467
6572
3075
6574
3502
1852
5573
4352
6516
2707
1262
6157
5575
395
6515
547
402
9760
6771
406
2137
3223
4564
6953
1866
4780
4365
4957
6506
7988
3434
8952
974
3235
6264
1863
1221
7095
8888
2139
3450
5765
2165
4884
5977
5851
2093
3916
5291
7155
1022
6496
5812
8019
3005
3856
3512
9420
1238
9665
387
1827
5295
1651
5183
5432
313
1473
3572
66
4520
7538
448
7405
1401
1259
5172
6950
5404
1526
9109
8646
1007
2810
6468
553
8384
525
3926
833
3532
7506
823
3835
9258
4194
2338
1618
1417
9276
4962
3565
3226
3891
7393
7438
7906
7390
1183
8268
2296
3895
331
5771
4683
5770
671
9003
379
2894
1785
6791
2177
984
7056
8480
8889
2900
3373
966
452
2076
3746
972
9805
5248
5651
2615
8902
9608
1086
8050
5315
8075
9761
7121
5987
495
7120
3007
7679
4415
4603
9993
3423
4162
2599
2780
8186
2515
9583
6835
2769
39
465
8193
5359
7752
3771
7085
7272
5692
9369
6993
3774
3142
9638
3300
8004
5704
4188
1509
9512
617
1918
504
7090
6370
2760
4025
5395
6380
8639
7247
2869
280
4577
1849
9748
1855
8939
217
3247
5316
2370
8998
8782
8022
4373
9678
1957
7974
7837
1424
8844
5135
8278
7803
7961
4022
1519
7527
8188
3958
4009
8491
7562
7551
3974
9934
8327
4075
8068
953
4244
1823
8081
2152
8058
7664
9725
8296
81
5755
2320
5637
4459
9450
3536
6800
6798
3275
6870
7215
3030
6068
3323
438
3202
3848
6780
3422
3418
1207
7283
3762
5861
6845
4868
7258
3231
6458
6836
6980
6887
795
2772
3579
3342
803
6971
6095
3711
2412
3006
3504
3284
757
5826
765
9196
9287
767
7165
3487
9611
2406
9613
7295
3863
6576
2469
3237
6582
6390
9639
7287
3257
4883
6293
5074
1211
8532
3122
2751
5123
4882
8217
6902
3125
6149
4737
9559
6148
2500
598
210
124
4647
2004
2595
2570
269
4977
31
5157
963
9744
7119
6429
2649
374
8554
7663
3717
3169
5604
2624
8553
760
5617
570
8672
2778
1691
4550
7250
5677
9371
4206
2528
560
2786
252
4720
7229
4160
4704
1668
2564
8242
7750
6238
6786
6266
1300
1407
8426
5759
4770
4349
9918
3449
3452
1491
5247
4685
6502
7491
8000
3094
3095
6843
3230
2304
344
4423
3399
3385
4826
1258
7395
4411
5787
3894
7388
5717
2995
5259
1836
4383
6328
8882
3029
6720
5097
5322
6885
1577
6193
1933
5881
4948
1156
5400
4285
8336
1911
8641
3802
4310
4841
2858
5403
4686
8339
398
1931
5161
4913
6423
5159
7088
4805
1186
1990
4404
1984
1298
3022
154
3009
445
8748
8092
285
2077
5421
8934
4448
6758
1111
5208
730
5587
7708
9603
5013
6863
7797
6700
9985
1361
4904
119
8816
7848
241
4203
7965
3349
500
6219
1311
4595
6833
8756
7983
1739
6606
2972
6272
7830
4840
4802
1992
3317
6202
6410
6419
6072
6332
4717
6951
6707
8231
2071
6075
4746
86
876
7269
5098
4554
7347
2442
4934
3747
7280
7498
3204
340
5137
9705
353
564
8714
7292
6522
3740
7543
8761
8786
3715
5629
9411
1545
5778
3277
1628
1266
7231
8371
1550
3197
8380
4660
8576
7241
5200
8223
1981
6404
289
4489
4189
7548
3597
127
9945
8300
3304
223
4893
6138
7574
7270
2003
3307
1327
2814
4839
1996
1994
6159
421
8318
5302
5047
8144
4361
8427
2960
9662
8618
3919
325
3849
475
7350
2366
8378
3382
1821
8411
4851
5798
6752
6748
9486
2905
8192
1945
7304
1938
3963
2473
7523
2885
1054
1118
6633
2910
9917
196
7993
3076
5362
7340
7343
8899
498
397
7048
4925
3655
5553
5557
7200
9627
4118
7098
4045
8724
5662
5970
7702
5591
9954
9020
7168
4068
758
5619
6575
2738
7037
201
6558
5215
6022
2115
2291
1913
1057
7321
6511
5033
7103
6221
5219
5105
9595
109
882
7495
8401
9693
213
4113
7818
6907
6179
8280
1951
7008
1045
5139
4690
7010
5566
9069
9626
1935
3800
6479
3472
7947
6199
8705
2884
4413
2362
1627
9499
9497
2627
1090
3692
4074
4587
8794
3893
9091
7676
9241
3278
2408
8266
8099
8858
3396
3394
8108
8353
499
461
7185
7718
4107
8557
9825
5758
2441
8391
1892
2645
5968
2342
790
1770
2430
9858
5321
9919
6501
588
1617
364
6164
3539
1135
3514
9446
1612
3309
4135
801
5168
1012
9224
8467
7865
8316
565
2565
9054
2200
8656
8938
3545
1008
4513
1998
4236
3525
8239
9034
1366
2845
8924
4270
6136
4204
4012
9888
4131
3305
3273
4127
5453
7242
312
4211
9249
9620
7662
7239
7458
3033
639
4020
5529
7666
1763
2631
8571
2439
9004
7852
3836
1872
9127
6962
9960
1601
4663
5761
8478
160
8085
9013
5143
6408
4682
1215
6452
7619
6747
1274
51
8628
2743
6736
1503
1206
6311
9041
5296
2359
5463
9166
7801
4388
9840
5631
3900
8749
9436
2988
2236
9935
3375
9842
8361
1380
2567
7531
6929
7312
3212
1640
1122
8182
2289
7956
6195
257
1383
9924
7320
7482
4748
9807
2494
9651
6181
5412
8197
8923
7230
6903
7038
1972
7921
6915
6654
1263
6405
9221
8198
6925
8190
6028
4278
9818
47
9635
2767
2661
5079
8312
5441
8777
6018
573
7868
3666
7501
4910
4567
2452
7189
7345
668
812
3947
1070
6697
8325
3340
501
8212
5166
123
6565
8281
8764
8259
6
6729
4460
8781
552
1180
8134
8850
4455
4558
4844
3111
8675
9915
591
3244
3077
3291
6607
100
5100
6519
4588
4503
1987
2777
1000
6982
920
7584
2502
6130
6958
7576
362
428
5695
7872
6155
5426
7002
3976
682
2481
9286
205
7934
4276
6194
905
5903
3468
1924
674
5718
7958
7613
2174
9726
7652
5981
9957
944
2193
2569
7130
5576
8556
7719
960
2670
9591
1949
403
8114
2706
4990
2713
5526
3764
7593
9046
9770
8461
9777
9950
6099
9632
9510
886
5867
2447
1886
5860
9305
6813
9307
7490
5857
9661
4372
8036
4747
9664
3841
7380
3903
2414
848
9502
5785
5054
7441
3876
1789
3858
1896
316
6868
2284
351
2297
4301
5878
6222
6231
9068
2468
6228
3959
6869
106
7392
4669
1443
933
3240
4692
9170
821
4026
4028
9669
2209
8506
7433
4032
4955
8279
6568
7398
1534
3738
3869
8326
3265
9707
4807
3813
2449
5122
1589
3986
7338
5737
2460
3982
9689
1434
7384
5707
9157
4911
1438
2335
41
928
8654
7600
5111
103
7608
9038
450
3454
2949
6826
4326
6693
1888
6236
9296
6672
2925
6671
3048
8434
2916
1733
5035
6375
4289
5979
6647
2871
5211
3314
4609
8116
3393
9484
6749
8416
4785
8866
3408
3003
485
659
4484
8621
2983
1854
1241
8136
2975
5324
6803
4860
9474
517
8466
716
4881
7054
4140
5541
256
8569
3636
8471
744
7730
3609
578
4524
3288
9737
755
2145
8652
2609
4062
3699
1641
4247
4275
1040
6394
1993
1999
6948
9454
9581
6966
225
6978
1511
7016
27
8732
8692
1486
1277
4600
8422
8762
1190
5083
1253
1199
918
4672
8678
1368
6112
2828
5539
2103
2802
7657
6975
3550
9723
3510
9025
6111
9721
7000
7012
3587
7021
4219
7939
6799
9511
4272
6834
1034
7886
5429
5701
9526
7822
6851
2897
6866
3463
447
3710
2675
2672
7341
2448
751
5891
9642
2479
5852
7192
5954
9149
9175
7222
2545
7227
3462
844
3851
7397
7425
2372
2340
7475
2331
7050
3948
7043
7524
9701
713
413
1757
5323
8046
642
8855
9355
5269
6389
9356
1775
3127
610
4282
9864
510
1136
1145
6548
8261
6465
5132
3255
8773
549
8915
8910
3416
3405
1071
8013
1066
5355
5374
4320
1893
6553
3667
6539
2911
2982
664
3660
6561
6578
3658
6037
6043
4714
1255
782
6491
9179
550
3227
6260
7187
543
9207
9610
3261
7136
559
752
2652
583
8671
2801
2784
6297
6677
492
9545
4792
6733
6743
6991
16
9547
9259
9990
6943
6160
6753
6774
3620
4871
1272
6599
6064
6602
6073
3302
575
6076
449
1364
2742
5087
2752
9289
5004
8045
1870
8015
71
9809
7937
1196
1975
9793
2011
7823
4379
4186
5500
5504
9767
7791
254
2090
8728
283
9724
4980
1681
4591
1541
1525
5115
1593
108
8273
8803
1513
1181
8810
3750
8827
5228
5232
8150
1766
5253
1782
9850
9844
1833
817
7544
7511
7507
2301
7480
7430
4664
7416
3850
818
9643
2382
4941
5906
9146
4937
3777
9147
3769
5921
796
2541
5706
2175
2186
4973
4021
5668
2219
7590
4000
2263
8984
9867
8906
9599
132
9381
9410
115
9979
361
9716
8841
299
8792
9981
466
8788
1155
9955
83
8691
455
1088
9778
9218
1075
853
9936
4820
655
991
170
9839
987
9813
999
9335
8862
9460
508
8703
826
350
9650
9139
4467
5306
3136
1663
3519
6678
5276
6141
2955
7768
1477
8037
2831
3150
6936
5234
5222
2125
7714
3966
5196
3606
7695
1701
3928
3927
6462
6362
7905
6366
8324
6369
1980
6396
6446
6267
4233
2010
5543
1768
5545
5401
1536
1642
6531
4047
5365
1517
7816
5634
6594
4343
1816
4949
8083
7595
3737
5046
5043
8183
7353
2421
5863
4633
7368
2546
5797
8178
7271
4709
4956
2480
7082
2711
4544
7064
5876
2191
5905
2192
2688
8540
7618
7087
8545
7449
7665
7429
2680
2666
1887
3674
6245
453
6004
3694
3413
3412
6316
5933
1776
3165
9468
8084
6071
1083
3594
3623
425
427
9560
8078
6143
396
6161
9549
9593
8005
8095
8098
3484
6218
9527
2267
7009
7018
7033
2148
7049
2166
720
931
7605
2632
2225
773
7579
2247
2803
2493
7311
7515
7366
7509
7494
7370
2423
2350
9113
861
7444
9096
6541
6381
6418
7879
6455
6459
1020
6472
542
3252
548
2032
8963
8964
7914
1848
3159
3146
595
3130
3114
976
3023
6814
6816
7749
2847
2818
270
9774
9772
4183
8520
8297
8293
1397
4552
4506
8568
8257
8254
1142
4001
5693
8216
9702
9799
8393
8394
4305
5348
5320
8407
5388
155
1631
5275
5252
5422
221
5483
5241
5191
1418
4706
358
8842
9660
3862
8826
8211
5814
5837
9996
5729
4961
1453
126
4504
2797
2329
841
2848
153
7735
4743
2851
2859
9986
8447
6871
606
4831
3163
7448
865
9100
5310
3144
1265
9304
7781
7432
4786
644
2717
4443
7426
17
4620
5334
5062
4953
756
7542
9044
8574
2613
7182
9926
4628
2563
2547
9055
1350
7259
2497
7262
945
4693
5148
7273
5131
1303
1306
889
2181
7642
7502
5128
7637
8536
1213
2202
2288
4556
85
9768
5459
3269
5489
1162
1824
8077
6033
1031
1826
6428
8874
9448
1578
6551
4170
5515
410
6306
1860
6126
9495
3415
7964
8893
8812
1661
8284
390
8148
6530
2041
1807
3684
2030
216
9644
5879
9415
9612
4337
5843
3245
9423
3847
1544
5381
5661
3993
3578
2537
5011
61
9992
5900
4024
3773
6171
7142
3505
5892
4700
5829
40
6027
4722
3822
9115
4952
9621
2446
6034
6036
2476
6078
54
1261
5003
5265
125
5216
6432
5235
5238
6916
6457
2862
5250
4264
9417
6476
5195
6481
6695
3068
3250
4422
5293
4406
6512
5902
5379
5370
6584
6300
5621
9531
5602
6255
4137
5099
5117
9212
9506
5532
4145
92
2628
3395
5528
2699
9477
9228
4508
6411
7046
7041
9452
5496
9886
8543
1543
8029
1630
1765
8370
7773
2015
1376
7892
2065
8757
8735
1172
1880
8991
1727
8126
8831
7563
7808
1786
8563
7667
7997
8033
8176
1841
871
8168
2121
7778
1568
8512
1754
2343
1165
2206
873
1840
2022
3721
9408
9388
5220
1469
9222
7821
7139
3712
2697
8879
1109
1800
9862
9574
2663
6061
9596
1838
749
2685
9036
6930
1764
1170
5431
4136
9349
7710
6940
8288
5413
8334
9357
2119
6913
8172
8290
7728
8835
7028
616
8443
9851
947
5948
178
1774
5335
7659
2863
3780
4341
194
2771
3135
8799
5741
2958
5740
467
7348
4052
9953
512
7539
9529
2435
9533
8203
1988
2378
8936
520
4610
5780
7376
7409
3358
9315
3356
5656
9114
1299
1926
6770
3043
9463
2313
3012
43
6278
3954
6379
3425
1413
2552
3383
534
1874
4540
4085
5147
2020
4080
4497
8886
6477
1076
2602
5204
4096
2608
9162
5786
446
5070
3498
9925
526
7254
4735
2005
8645
4575
9916
4570
7862
5107
8638
3362
9321
3972
5710
1134
6655
3090
3083
6701
2073
1124
3879
8868
6382
3488
6182
6187
3480
6198
6213
7891
3306
7970
443
9509
6280
7959
7926
9489
3387
497
9480
6330
5966
5887
5893
3799
3133
7792
5924
9377
5953
9385
5883
9604
8857
3664
260
3560
3548
1861
3523
7124
2243
916
2562
94
8522
4531
4490
924
2597
2601
9877
130
2220
7597
4469
2533
9203
7114
7111
8733
4468
7084
7633
2691
2695
5239
1476
1195
7066
9022
9961
9997
9994
4862
2386
4901
7386
8632
4703
8631
1301
2333
7369
2295
829
8600
4011
8596
7339
4662
8590
8581
1228
7545
1225
4606
2265
9152
799
9158
9920
7769
703
6912
5622
6815
8289
5608
9736
4056
4346
5339
7729
5527
2813
8806
5437
9747
9782
4391
9845
1505
1673
6237
454
5828
5563
7981
5570
5024
3471
5831
4110
5036
4616
8573
5841
9686
4804
4017
5653
4046
3953
8919
1948
4055
3941
3446
8606
5772
8687
5618
4667
4982
9741
4097
6007
3602
206
8374
1113
8389
8848
3656
190
8403
8860
8730
3765
5313
6000
5934
8449
9836
371
3725
4440
5126
4129
76
1260
5540
5084
5273
5853
9913
5858
8277
4539
1864
6124
8323
5176
8779
3805
5415
3589
2040
7025
646
6510
645
7057
7080
7612
7604
6443
763
2604
7197
7205
2568
3041
7779
6963
6898
6875
2886
2931
6949
2942
6952
2952
7447
3248
2968
6772
6449
6744
1991
3274
6616
9118
2332
9116
6608
2429
7355
7917
9086
7793
1959
9469
7516
3357
2277
7290
6641
7897
3327
496
7285
2360
7784
607
898
5588
7799
378
2923
2896
6587
9290
1953
9391
6718
8195
3890
3892
347
3907
6643
3925
6711
1139
321
6730
5730
3784
8227
3013
3998
7264
5210
8729
8727
2232
7208
8530
7218
8559
9163
2258
77
5278
74
5061
907
4651
4670
1330
2308
8633
4876
7453
4849
200
1625
1583
8333
8335
4192
5490
5446
9262
699
7707
209
2867
6984
5363
957
2147
9245
7031
1510
7694
1506
9835
3671
477
3180
1973
6273
3438
3442
3456
6227
7814
3691
3214
9535
6431
7991
3513
6039
3582
6495
6086
6282
7954
1107
1919
6349
9488
3509
541
5492
536
5449
8021
6154
6158
7452
7853
3365
5383
2839
5380
2014
18
7704
3281
185
7985
6336
3695
1647
8990
7766
8267
9300
8801
4833
6824
4182
5590
3567
2891
4120
4124
5525
2018
9830
5512
785
2228
8479
5185
4926
1415
4516
9181
4931
4547
7385
4580
2518
5060
8699
8578
7297
7303
5006
4666
7067
1285
6427
4903
4374
9238
161
7984
9018
946
6314
7650
9219
2204
7982
6309
8457
4481
2226
6059
8967
3701
389
9328
6649
2055
9351
1730
3002
8959
6600
6658
3160
375
9668
1711
9695
3952
3209
3688
3772
3017
1777
1706
3037
5678
3629
7835
3739
6532
1082
3990
3603
4645
910
7461
5399
6173
6436
6679
1537
5071
3063
604
4348
1125
1489
1533
711
1524
182
9657
2457
7971
1405
8514
3151
8534
3744
5877
6286
8470
3458
4486
5108
2464
2530
8604
9447
2679
3824
1194
514
2271
846
8409
8561
6399
6593
9237
1809
2971
468
7772
6964
6527
2953
8670
6905
4005
6769
1851
670
2846
7969
687
318
9742
7963
3698
8018
5652
1171
8951
2505
3930
9329
6329
3554
1547
224
989
5469
6417
5916
423
5226
2086
6279
4947
6872
1699
8420
9092
1115
6623
5160
609
2242
4040
2572
3417
8978
2629
8476
1201
7975
8234
4791
6637
7362
7843
4788
3045
245
698
5501
6142
3663
6932
2390
7899
7011
6469
9251
3896
329
5064
7851
9253
8065
597
5414
9419
9165
8440
7757
986
6664
7745
5672
7306
8408
551
2153
4164
1620
4716
1573
7688
9672
5809
8926
2566
3182
6252
7274
4649
8562
6234
3021
8658
2369
7737
9275
9697
8820
9471
9264
9555
5425
8076
4726
5349
5959
8406
7051
7349
3080
4500
7625
131
6223
3459
8839
8739
7445
1331
824
1052
19
1281
3726
8970
5517
4403
9233
6424
8397
3112
2701
1535
1542
2072
1557
2583
2122
3811
770
1669
470
566
7577
9363
9722
787
788
7201
5564
9306
6973
7889
7841
3573
8093
8064
1011
7055
1014
363
3145
9492
3132
5017
8932
3678
3295
8976
8565
3586
4088
7844
4571
1273
9451
8101
6357
4684
1490
5309
5201
5344
3177
4418
5223
