600920877624238
1190132643204482
1166479504351538
1044520266275818
1268252812608142
1197048636913261
832094242426716
1355662003247158
883296440851914
837024879061400
782713089255741
855268324190745
1136343450106223
1274792256784673
1106806120181726
1025250235939563
1272113159528524
566483164464851
1435318833374058
1204268520759166
725104064535864
552286229536515
938851247674241
1878795675089266
587554989095247
477505159712642
1023574863261781
566518905821291
1036406847984886
1081242808319936
1544276368891407
707917328195187
811087209439650
1343863286152071
1002362746565544
906321663262456
659260212409467
616258450098035
839249451032693
1190885547846656
1528496607175974
1240554436218570
1123159108198622
727117620069130
1075114998997154
1284768211703053
1655045271399439
570955036140148
1051249441336009
1682516665723980
1379278400455233
919263811998054
844593276874246
986287262861265
1410067778097912
1520794328598420
1034601654917755
1079639873282447
1357462049305767
810726508144798
1205466500764668
683706492521628
1521601440064970
1231321392121040
1076962159574484
1030873958064848
232325099736999
1174288024607883
1343468693046478
1165262259862096
1059346730778032
1375642507764599
1012301506241471
1473651028192364
968596605118006
994347802904822
1286711011264932
538869152700376
991861897628617
1169152130838139
804826367159337
1565766940487901
1253030252096308
635316579397105
95384242423897
1491344838921743
668247120346886
1030712068648249
755314167630668
1123476723942939
1373385458328760
502792713133038
478795230585941
523243700008264
1249011552275710
1296204358397796
1607720810370889
1273554912772583
1109293215782385
781296454632020
